1 448.4495794681987 1 54.825
2 448.4495794681987 1 24.025
3 448.4495794681987 1 94.15
4 448.4495794681987 1 74.575
5 448.44957946819875 1 5.5
6 448.44957946819875 1 3.55
7 448.44957946819875 1 2.9749999999999996
8 448.4495794681987 1 47.099999999999994
9 448.4495794681987 1 76.35
10 448.4495794681987 1 83.65
11 448.4495794681987 1 27.900000000000002
12 448.44957946819875 1 2.725
13 448.4495794681987 1 5.225
14 448.4495794681987 1 15.625
15 448.44957946819875 1 18.25
16 448.4495794681987 1 56.45
17 448.4495794681987 1 38.2
18 448.4495794681987 1 46.1
19  448.4495794681987 1 36.475
20 448.44957946819875 1 4.725
21 448.44957946819875 1 4.2
22 448.4495794681987 1 35.425000000000004
23 448.44957946819875 1 3.6999999999999997
24 448.4495794681987 1 16.825000000000003
25 448.44957946819875 1 3.5749999999999997