1 448.4495794681987 1 68.8
2 448.44957946819875 1 6.4
3 448.44957946819875 1 6.2
4 448.4495794681987 1 48.3
5 448.4495794681987 1 6.800000000000001
6 448.4495794681987 1 89.05
7 448.44957946819875 1 15.6
8 448.4495794681987 1 88.3
9 448.4495794681987 1 48.3
10 448.4495794681987 1 16.85
11 448.44957946819875 1 8.15
12 448.4495794681987 1 78.3
13 448.4495794681987 1 9.1
14 448.4495794681987 1 58.4
15 448.4495794681987 1 49.75
16 448.44957946819875 1 6.65
17 448.44957946819875 1 17.45
18 448.4495794681987 1 48.35
19 448.44957946819875 1 16.8
20 448.4495794681987 1 18.9
21 448.4495794681987 1 28.749999999999996
22 448.44957946819875 1 18.95
23 448.4495794681987 1 67.25
24 448.4495794681987 1 26.950000000000003
25 448.4495794681987 1 86.8