1 448.44957946819886 1 40.0
2 448.44957946819886 1 10.0
3 448.44957946819886 1 69.6
4 448.4495794681988 1 39.4
5 448.4495794681988 1 69.89999999999999
6 448.4495794681988 1 49.1
7 448.4495794681988 1 8.5
8 448.4495794681988 1 19.900000000000002
9 448.44957946819875 1 69.8
10 448.4495794681988 1 19.400000000000002
11 448.44957946819886 1 9.700000000000001
12 448.4495794681988 1 19.6
13 448.44957946819886 1 8.4
14 448.44957946819886 1 29.4
15 448.4495794681988 1 20.0
16 448.4495794681988 1 99.5
17 448.4495794681988 1 69.69999999999999
18 448.4495794681988 1 19.5
19 448.4495794681988 1 8.7
20 448.4495794681988 1 79.7
21 448.4495794681988 1 20.0
22 448.44957946819886 1 8.9
23 448.44957946819875 1 99.5
24 448.4495794681988 1 19.8
25 448.4495794681988 1 88.9