1 448.44957946819886 1 19.45
2 448.44957946819886 1 10.0
3 448.44957946819886 1 28.599999999999998
4 448.44957946819886 1 39.85
5 448.4495794681988 1 29.7
6 448.44957946819886 1 29.799999999999997
7 448.4495794681988 1 29.65
8 448.44957946819875 1 10.0
9 448.4495794681989 1 9.85
10 448.44957946819886 1 59.4
11 448.44957946819886 1 59.8
12 448.44957946819886 1 9.700000000000001
13 448.44957946819886 1 29.549999999999997
14 448.4495794681989 1 39.75
15 448.44957946819886 1 59.85
16 448.44957946819886 1 19.3
17 448.4495794681988 1 69.3
18 448.44957946819886 1 79.65
19 448.44957946819886 1 30.0
20 448.4495794681988 1 9.950000000000001
21 448.4495794681988 1 69.95
22 448.4495794681988 1 19.75
23 448.44957946819886 1 9.35
24 448.44957946819886 1 49.4
25 448.44957946819875 1 59.699999999999996