1 448.4495794681987 1 17.675
2 448.4495794681987 1 59.875
3 448.4495794681987 1 38.65
4 448.44957946819875 1 7.625
5 448.44957946819875 1 7.025
6 448.4495794681987 1 66.625
7 448.44957946819875 1 9.049999999999999
8 448.4495794681987 1 47.5
9 448.4495794681987 1 87.575
10 448.44957946819875 1 7.9
11 448.44957946819875 1 8.6
12 448.44957946819875 1 6.575
13 448.4495794681987 1 89.7
14 448.4495794681987 1 78.425
15 448.44957946819864 1 56.39999999999999
16 448.44957946819875 1 8.1
17 448.44957946819875 1 7.175
18 448.4495794681987 1 59.650000000000006
19 448.44957946819875 1 8.025
20 448.44957946819875 1 7.175
21 448.44957946819875 1 5.775
22 448.4495794681987 1 7.675
23 448.44957946819875 1 6.925000000000001
24 448.4495794681987 1 5.975
25 448.44957946819875 1 8.325000000000001