1 448.4495794735857 1 99.9
2 448.44957947896097 1 29.5
3 448.4495795075994 1 90.0
4 448.4495794692625 1 9.2
5 448.4495794765113 1 79.2
6 448.44957946821694 1 79.3
7 448.4495794964961 1 79.60000000000001
8 448.44957950615526 1 99.1
9 448.44957947908347 1 29.9
10 448.4495794781951 1 100.0
11 448.4495794825862 1 88.7
12 448.44957948083425 1 88.7
13 448.44957947124044 1 60.0
14 448.4495794689426 1 79.80000000000001
15 448.4495794686102 1 39.7
16 448.449579480192 1 99.9
17 448.44957947781796 1 29.9
18 448.4495794949522 1 69.8
19 448.4495798012727 1 49.1
20 448.4495794696198 1 79.80000000000001
21 448.4495795189636 1 79.9
22 448.44957947076756 1 99.3
23 448.4495794734005 1 58.8
24 448.4495794904226 1 89.4
25 448.44957949399634 1 79.3