1 448.44957946819875 1 70.775
2 448.44957946819875 1 97.22
3 448.449579468362 1 41.46
4 448.44957946819875 1 46.4825
5 448.4495794798309 1 79.38499999999999
6 448.4495794681988 1 23.9325
7 448.44957946819875 1 27.212500000000002
8 448.44957946819875 1 49.045
9 448.44957946819886 1 56.527499999999996
10 448.44957946819875 1 34.9
11 448.44957946819875 1 92.4025
12 448.44957946819875 1 55.2975
13 448.44957946819875 1 23.419999999999998
14 448.44957946819886 1 39.1025
15 448.44957946819875 1 22.0875
16 448.44957946819875 1 28.134999999999998
17 448.44957947516934 1 41.3575
18 448.44957946819875 1 24.3425
19 448.4495794944094 1 66.16250000000001
20 448.4495794681988 1 15.937499999999998
21 448.44957946819875 1 99.3725
22 448.44957946819875 1 78.565
23 448.4495794681988 1 18.91
24 448.44957946819875 1 52.222500000000004
25 448.4495797552913 1 22.9075