1 448.4495794701462 1 70.9525
2 448.44957946844835 1 78.46
3 448.4495794681993 1 10.945
4 448.44957947776527 1 38.5075
5 448.44957946819875 1 62.0275
6 448.4495794684172 1 50.32
7 448.449579468199 1 87.8575
8 448.44957947942976 1 79.405
9 448.4495794684388 1 15.040000000000001
10 448.4495794746452 1 12.5725
11 448.4495794879733 1 85.91499999999999
12 448.44957946819915 1 13.465
13 448.4495795419452 1 51.160000000000004
14 448.44957946863457 1 68.8525
15 448.44957952180204 1 14.935
16 448.44957946819886 1 57.04
17 448.4495794806473 1 71.6875
18 448.44957947046476 1 6.1675
19 448.44957952791134 1 66.4375
20 448.4495794795696 1 97.36
21 448.449579468199 1 45.0175
22 448.4495795371244 1 3.805
23 448.4495794697823 1 40.8175
24 448.44957946819886 1 28.9
25 448.4495794685838 1 17.2975