1 448.44957946819875 1 54.37
2 448.44957946819875 1 68.14
3 448.4495794681988 1 47.6875
4 448.4495794681988 1 54.37
5 448.4495794681988 1 29.057500000000005
6 448.44957946819875 1 72.7975
7 448.44957946819875 1 54.37
8 448.44957946819875 1 64.495
9 448.44957946819875 1 73.81
10 448.44957946819875 1 45.865
11 448.4495794681988 1 30.677500000000002
12 448.44957946819875 1 52.5475
13 448.44957946819875 1 45.055
14 448.44957946819875 1 91.0225
15 448.44957946819875 1 77.455
16 448.44957946819875 1 75.835
17 448.44957946819875 1 83.125
18 448.44957946819875 1 71.98750000000001
19 448.44957946819875 1 74.4175
20 448.44957946819875 1 57.8125
21 448.44957946819875 1 98.11
22 448.4495794681988 1 45.865
23 448.44957946819875 1 55.17999999999999
24 448.4495794681988 1 42.4225
25 448.44957946819875 1 71.17750000000001