1 448.44957946819875 1 42.9975
2 448.44957946819875 1 40.845
3 448.44957946819875 1 50.480000000000004
4 448.44957946819875 1 26.085
5 448.44957946819875 1 50.3775
6 448.44957946819875 1 35.31
7 448.44957946819875 1 81.025
8 448.44957946819875 1 60.0125
9 448.4495794681987 1 93.735
10 448.4495794681988 1 22.805
11 448.44957946819875 1 48.3275
12 448.44957946819875 1 15.22
13 448.44957946819875 1 21.575
14 448.44957946819875 1 36.8475
15 448.44957946819875 1 55.19500000000001
16 448.44957946819875 1 43.817499999999995
17 448.44957946819875 1 27.725
18 448.44957946819875 1 69.0325
19 448.4495794681987 1 73.64500000000001
20 448.44957946819875 1 37.4625
21 448.44957946819875 1 24.445
22 448.44957946819875 1 62.575
23 448.44957946819875 1 48.225
24 448.44957946819875 1 39.5125
25 448.44957946819875 1 21.8825