1 448.44957946830243 1 40.082499999999996
2 448.44957947155456 1 29.057500000000005
3 448.44957946819875 1 12.1
4 448.44957946820693 1 14.9875
5 448.44957946819875 1 72.0025
6 448.449579468199 1 11.9425
7 448.44957946819875 1 25.96
8 448.4495794681988 1 34.99
9 448.449579472019 1 97.36
10 448.44957946819875 1 17.1925
11 448.4495794705923 1 86.125
12 448.44957946819875 1 18.505
13 448.4495794686642 1 63.865
14 448.44957946819886 1 23.544999999999998
15 448.44957946819875 1 22.3375
16 448.4495794733349 1 68.695
17 448.44957946819875 1 57.355000000000004
18 448.44957946819875 1 40.8175
19 448.44957946819875 1 12.834999999999999
20 448.4495794681988 1 9.895
21 448.44957946819864 1 35.199999999999996
22 448.4495794681988 1 26.38
23 448.44957946819875 1 11.6275
24 448.44957946819875 1 51.790000000000006
25 448.44957947872444 1 98.8825