1 448.44957946819875 1 71.58250000000001
2 448.4495794681987 1 87.58
3 448.4495794681987 1 51.535
4 448.44957946819875 1 82.9225
5 448.44957946819875 1 87.985
6 448.44957946819875 1 56.8
7 448.44957946819875 1 69.76
8 448.44957946819875 1 64.29249999999999
9 448.44957946819875 1 85.555
10 448.44957946819875 1 89.2
11 448.44957946819875 1 95.0725
12 448.44957946819875 1 53.7625
13 448.44957946819875 1 40.6
14 448.44957946819875 1 84.1375
15 448.44957946819875 1 53.559999999999995
16 448.44957946819875 1 70.975
17 448.4495794681988 1 44.4475
18 448.44957946819875 1 51.129999999999995
19 448.44957946819875 1 67.1275
20 448.44957946819875 1 79.07499999999999
21 448.44957946819875 1 60.2425
22 448.44957946819875 1 85.555
23 448.44957946819875 1 54.572500000000005
24 448.4495794681987 1 48.699999999999996
25 448.44957946819875 1 46.0675